0.0 -0.0 0.0 0.0 -0.0 -0.0 -0.0 0.0 -0.0 -0.0 0.0 -0.0 -0.0 -0.0 -0.0
-0.0 0.0014569285866717766 0.0019102056234808929 0.0019102056234808929 0.0014569285866717766 0.0 0.0 -0.0016835671050763285 -0.0016835671050763285 -0.0016835671050763285 -0.0016835671050763285 0.0 0.0 0.0 0.0
0.0 0.0019102056234808929 0.002504505407717739 0.002504505407717739 0.0019102056234808933 -0.0 -0.0 -0.002207355515599308 -0.002207355515599308 -0.002207355515599308 -0.002207355515599308 -0.0 -0.0 -0.0 -0.0
0.0 0.0019102056234808929 0.002504505407717739 0.002504505407717739 0.0019102056234808933 -0.0 -0.0 -0.002207355515599308 -0.002207355515599308 -0.002207355515599308 -0.002207355515599308 -0.0 -0.0 -0.0 -0.0
-0.0 0.0014569285866717766 0.0019102056234808933 0.0019102056234808933 0.0014569285866717768 0.0 0.0 -0.001683567105076329 -0.001683567105076329 -0.001683567105076329 -0.001683567105076329 0.0 0.0 0.0 0.0
-0.0 0.0 -0.0 -0.0 0.0 0.0 0.0 -0.0 0.0 0.0 -0.0 0.0 0.0 0.0 0.0
-0.0 0.0 -0.0 -0.0 0.0 0.0 0.0 -0.0 0.0 0.0 -0.0 0.0 0.0 0.0 0.0
0.0 -0.0016835671050763285 -0.002207355515599308 -0.002207355515599308 -0.001683567105076329 -0.0 -0.0 0.001945461310337814 0.001945461310337814 0.001945461310337814 0.001945461310337814 -0.0 -0.0 -0.0 -0.0
-0.0 -0.0016835671050763285 -0.002207355515599308 -0.002207355515599308 -0.001683567105076329 0.0 0.0 0.001945461310337814 0.001945461310337814 0.001945461310337814 0.001945461310337814 0.0 0.0 0.0 0.0
-0.0 -0.0016835671050763285 -0.002207355515599308 -0.002207355515599308 -0.001683567105076329 0.0 0.0 0.001945461310337814 0.001945461310337814 0.001945461310337814 0.001945461310337814 0.0 0.0 0.0 0.0
0.0 -0.0016835671050763285 -0.002207355515599308 -0.002207355515599308 -0.001683567105076329 -0.0 -0.0 0.001945461310337814 0.001945461310337814 0.001945461310337814 0.001945461310337814 -0.0 -0.0 -0.0 -0.0
-0.0 0.0 -0.0 -0.0 0.0 0.0 0.0 -0.0 0.0 0.0 -0.0 0.0 0.0 0.0 0.0
-0.0 0.0 -0.0 -0.0 0.0 0.0 0.0 -0.0 0.0 0.0 -0.0 0.0 0.0 0.0 0.0
-0.0 0.0 -0.0 -0.0 0.0 0.0 0.0 -0.0 0.0 0.0 -0.0 0.0 0.0 0.0 0.0
-0.0 0.0 -0.0 -0.0 0.0 0.0 0.0 -0.0 0.0 0.0 -0.0 0.0 0.0 0.0 0.0