-1.4588064728496556e-16 -4.063061825242014e-17 -3.098928644039304e-17 -3.098928644039304e-17 -4.063061825242015e-17 -2.17615903496742e-17 3.0403207807147795e-17 -2.0352250246394883e-18 -2.0352250246394883e-18 -2.0352250246394883e-18 -2.0352250246394883e-18 -2.9902490448232145e-17 -2.9902490448232145e-17 3.143194150605927e-17 -2.17615903496742e-17
-4.063061825242014e-17 0.0025045054077177044 0.0019102056234808667 0.0019102056234808667 0.0025045054077177053 -6.061029249040676e-18 8.467889010995167e-18 0.0 0.0 0.0 0.0 -8.328429416860513e-18 -8.328429416860513e-18 8.754411500316341e-18 -6.061029249040676e-18
-3.098928644039304e-17 0.0019102056234808667 0.0014569285866717569 0.0014569285866717569 0.0019102056234808673 -4.6227938338332816e-18 6.458524368911251e-18 0.0 0.0 0.0 0.0 -6.352157459044151e-18 -6.352157459044151e-18 6.677057285098403e-18 -4.6227938338332816e-18
-3.098928644039304e-17 0.0019102056234808667 0.0014569285866717569 0.0014569285866717569 0.0019102056234808673 -4.6227938338332816e-18 6.458524368911251e-18 0.0 0.0 0.0 0.0 -6.352157459044151e-18 -6.352157459044151e-18 6.677057285098403e-18 -4.6227938338332816e-18
-4.063061825242015e-17 0.0025045054077177053 0.0019102056234808673 0.0019102056234808673 0.0025045054077177057 -6.061029249040678e-18 8.46788901099517e-18 0.0 0.0 0.0 0.0 -8.328429416860516e-18 -8.328429416860516e-18 8.754411500316342e-18 -6.061029249040678e-18
-2.17615903496742e-17 -6.061029249040676e-18 -4.6227938338332816e-18 -4.6227938338332816e-18 -6.061029249040678e-18 -3.246262087266177e-18 4.535366177274657e-18 -3.0360252768205684e-19 -3.0360252768205684e-19 -3.0360252768205684e-19 -3.0360252768205684e-19 -4.460672197994404e-18 -4.460672197994404e-18 4.68882643229317e-18 -3.246262087266177e-18
3.0403207807147795e-17 8.467889010995167e-18 6.458524368911251e-18 6.458524368911251e-18 8.46788901099517e-18 4.535366177274657e-18 -6.336378828639025e-18 4.241643460598967e-19 4.241643460598967e-19 4.241643460598967e-19 4.241643460598967e-19 6.232023561514243e-18 6.232023561514243e-18 -6.550778785098807e-18 4.535366177274657e-18
-2.0352250246394883e-18 0.0 0.0 0.0 0.0 -3.0360252768205684e-19 4.241643460598967e-19 0.0019454613103378146 0.0019454613103378146 0.0019454613103378146 0.0019454613103378146 -4.17178686768532e-19 -4.17178686768532e-19 4.3851652098289875e-19 -3.0360252768205684e-19
-2.0352250246394883e-18 0.0 0.0 0.0 0.0 -3.0360252768205684e-19 4.241643460598967e-19 0.0019454613103378146 0.0019454613103378146 0.0019454613103378146 0.0019454613103378146 -4.17178686768532e-19 -4.17178686768532e-19 4.3851652098289875e-19 -3.0360252768205684e-19
-2.0352250246394883e-18 0.0 0.0 0.0 0.0 -3.0360252768205684e-19 4.241643460598967e-19 0.0019454613103378146 0.0019454613103378146 0.0019454613103378146 0.0019454613103378146 -4.17178686768532e-19 -4.17178686768532e-19 4.3851652098289875e-19 -3.0360252768205684e-19
-2.0352250246394883e-18 0.0 0.0 0.0 0.0 -3.0360252768205684e-19 4.241643460598967e-19 0.0019454613103378146 0.0019454613103378146 0.0019454613103378146 0.0019454613103378146 -4.17178686768532e-19 -4.17178686768532e-19 4.3851652098289875e-19 -3.0360252768205684e-19
-2.9902490448232145e-17 -8.328429416860513e-18 -6.352157459044151e-18 -6.352157459044151e-18 -8.328429416860516e-18 -4.460672197994404e-18 6.232023561514243e-18 -4.17178686768532e-19 -4.17178686768532e-19 -4.17178686768532e-19 -4.17178686768532e-19 -6.12938694506853e-18 -6.12938694506853e-18 6.442892516224764e-18 -4.460672197994404e-18
-2.9902490448232145e-17 -8.328429416860513e-18 -6.352157459044151e-18 -6.352157459044151e-18 -8.328429416860516e-18 -4.460672197994404e-18 6.232023561514243e-18 -4.17178686768532e-19 -4.17178686768532e-19 -4.17178686768532e-19 -4.17178686768532e-19 -6.12938694506853e-18 -6.12938694506853e-18 6.442892516224764e-18 -4.460672197994404e-18
3.143194150605927e-17 8.754411500316341e-18 6.677057285098403e-18 6.677057285098403e-18 8.754411500316342e-18 4.68882643229317e-18 -6.550778785098807e-18 4.3851652098289875e-19 4.3851652098289875e-19 4.3851652098289875e-19 4.3851652098289875e-19 6.442892516224764e-18 6.442892516224764e-18 -6.772433254360475e-18 4.68882643229317e-18
-2.17615903496742e-17 -6.061029249040676e-18 -4.6227938338332816e-18 -4.6227938338332816e-18 -6.061029249040678e-18 -3.246262087266177e-18 4.535366177274657e-18 -3.0360252768205684e-19 -3.0360252768205684e-19 -3.0360252768205684e-19 -3.0360252768205684e-19 -4.460672197994404e-18 -4.460672197994404e-18 4.68882643229317e-18 -3.246262087266177e-18